-2
-1.62
-1.4
-1.24
-1.1
-0.972
-0.804
-0.662
-0.539
-0.43
-0.333
-0.245
-0.165
-0.091
-0.023
0.041
0.101
0.156
0.209
0.259
0.306
0.351
0.394
0.435
0.474
0.512
0.548
0.583
0.617
0.649
0.68
0.71
0.74
0.768
0.796
0.822
0.848
0.874
0.898
0.922
0.945
0.968
0.99
1.012
1.033
1.054
1.074
1.094
1.114
1.133
1.151
1.169
1.187
1.205
1.222
1.239
1.256
1.272
1.288
1.304
1.319
1.335
1.349
1.364
1.379
1.393
1.407
1.421
1.435
1.448
1.461
1.474
1.487
1.5
1.513
1.525
1.537
1.549
1.561
1.573
1.585
1.596
1.607
1.618
1.63
1.64
1.651
1.662
1.672
1.683
1.693
1.703
1.713
1.723
1.733
1.743
1.753
1.762
1.772
1.781
1.79
1.799
1.809
1.818
1.826
1.835
1.844
1.853
1.861
1.87
1.878
1.886
1.895
1.903
1.911
1.919
1.927
1.935
1.943
1.951
1.958
1.966
1.974
1.981
1.989
1.996
2.003
2.011
2.018
2.025
2.032
2.039
2.046
2.053
2.06
2.067
2.074
2.081
2.087
2.094
2.101
2.107
2.114
2.12
2.126
2.133
2.139
2.145
2.152
2.158
2.164
2.17
2.176
2.182
2.188
2.194
2.2
2.206
2.212
2.218
2.224
2.229
2.235
2.241
2.246
2.252
2.258
2.263
2.269
2.274
2.28
2.285
2.29
2.296
2.301
2.306
2.312
2.317
2.322
2.327
2.332
2.337
2.342
2.347
2.353
2.358
2.362
2.367
2.372
2.377
2.382
2.387
2.392
2.397
2.401
2.406
2.411
2.415
2.42
2.425
2.429
2.434
2.439
2.443
2.448
2.452
2.457
2.461
2.466
2.47
2.474
2.479
2.483
2.487
2.492
2.496
2.5
2.505
2.509
2.513
2.517
2.521
2.526
2.53
2.534
2.538
2.542
2.546
2.55
2.554
2.558
2.562
2.566
2.57
2.574
2.578
2.582
2.586
2.59
2.594
2.597
2.601
2.605
2.609
2.613
2.617
2.62
2.624
2.628
2.631
2.635
2.639
2.642
2.646
2.65
2.653